%YAML:1.0
calibration_time: "Sun 11 Nov 2012 03:25:52 PM EST"
image_width: 640
image_height: 480
board_width: 8
board_height: 6
square_size: 2.5000000372529030e-02
flags: 0
camera_matrix: !!opencv-matrix
   rows: 3
   cols: 3
   dt: d
   data: [ 7.1727871709727594e+02, 0., 2.7579282518524627e+02, 0.,
       7.3205569727516831e+02, 2.7232312997462060e+02, 0., 0., 1. ]
distortion_coefficients: !!opencv-matrix
   rows: 5
   cols: 1
   dt: d
   data: [ 8.8992919400472728e-02, -2.9810875713587437e-01,
       -3.5008169474083930e-03, -1.5207435964142235e-02,
       5.2402389520881520e-01 ]
avg_reprojection_error: 8.1310443816450684e-01
image_points: !!opencv-matrix
   rows: 10
   cols: 48
   dt: "2f"
   data: [ 6.38809624e+01, 1.58118963e+01, 1.15739288e+02,
       2.07072830e+01, 1.67021652e+02, 2.58159771e+01, 2.16769211e+02,
       3.06842365e+01, 2.65591217e+02, 3.53755341e+01, 3.13620239e+02,
       3.96558304e+01, 3.60748688e+02, 4.38073769e+01, 4.07329498e+02,
       4.75986633e+01, 5.73296165e+01, 5.65355797e+01, 1.10991905e+02,
       6.15943871e+01, 1.63702789e+02, 6.61466522e+01, 2.15066086e+02,
       7.11071320e+01, 2.65164825e+02, 7.55678711e+01, 3.14456268e+02,
       7.99194870e+01, 3.62663086e+02, 8.40259857e+01, 4.09921722e+02,
       8.80742493e+01, 5.04988937e+01, 1.00114929e+02, 1.05985931e+02,
       1.04830383e+02, 1.60312042e+02, 1.09560089e+02, 2.13130905e+02,
       1.13905113e+02, 2.64559113e+02, 1.17960182e+02, 3.15387390e+02,
       1.21734077e+02, 3.64945862e+02, 1.25278587e+02, 4.13571564e+02,
       1.29477127e+02, 4.32306747e+01, 1.46676819e+02, 1.00585754e+02,
       1.51392426e+02, 1.56563095e+02, 1.55125290e+02, 2.11060211e+02,
       1.58571747e+02, 2.64146118e+02, 1.62312851e+02, 3.16316528e+02,
       1.65957382e+02, 3.67380402e+02, 1.69557831e+02, 4.17302887e+02,
       1.73391571e+02, 3.57165527e+01, 1.96302780e+02, 9.48919220e+01,
       2.00077454e+02, 1.52707748e+02, 2.03694214e+02, 2.08835770e+02,
       2.06747757e+02, 2.63649841e+02, 2.09502319e+02, 3.17154572e+02,
       2.13369446e+02, 3.69490967e+02, 2.16732574e+02, 4.20886658e+02,
       2.19741913e+02, 2.74153957e+01, 2.48840363e+02, 8.85735626e+01,
       2.51856583e+02, 1.48464844e+02, 2.54716858e+02, 2.06448547e+02,
       2.57337952e+02, 2.62716766e+02, 2.60486603e+02, 3.18018036e+02,
       2.63607605e+02, 3.72049438e+02, 2.66138367e+02, 4.25115723e+02,
       2.69024933e+02, 1.61134628e+02, 1.71964035e+02, 2.10615723e+02,
       1.75321671e+02, 2.59590210e+02, 1.78524551e+02, 3.08557220e+02,
       1.81880875e+02, 3.57253784e+02, 1.85121338e+02, 4.05649231e+02,
       1.88145294e+02, 4.54686859e+02, 1.90725159e+02, 5.03607574e+02,
       1.93534485e+02, 1.51054489e+02, 1.91856384e+02, 2.03541016e+02,
       1.94790848e+02, 2.55671555e+02, 1.98461990e+02, 3.07873291e+02,
       2.01539551e+02, 3.59509430e+02, 2.05405899e+02, 4.11073334e+02,
       2.08651611e+02, 4.63009949e+02, 2.12071442e+02, 5.14797363e+02,
       2.15158951e+02, 1.39552673e+02, 2.14595139e+02, 1.95567627e+02,
       2.17342972e+02, 2.51281525e+02, 2.21247177e+02, 3.06884003e+02,
       2.25339401e+02, 3.61943726e+02, 2.28781540e+02, 4.16950836e+02,
       2.32346802e+02, 4.72553345e+02, 2.35263168e+02, 5.28082153e+02,
       2.38271942e+02, 1.26368896e+02, 2.39702652e+02, 1.86626404e+02,
       2.43984863e+02, 2.46314514e+02, 2.48539291e+02, 3.05980011e+02,
       2.51422775e+02, 3.65189880e+02, 2.54686081e+02, 4.24182556e+02,
       2.58214874e+02, 4.83719177e+02, 2.61787323e+02, 5.43095886e+02,
       2.65608887e+02, 1.11192703e+02, 2.71284058e+02, 1.76321869e+02,
       2.75261932e+02, 2.40626480e+02, 2.79593262e+02, 3.04878998e+02,
       2.83622589e+02, 3.68584076e+02, 2.86901733e+02, 4.32436157e+02,
       2.89487061e+02, 4.96188477e+02, 2.94844818e+02, 5.60173340e+02,
       2.99533295e+02, 9.37357025e+01, 3.08354340e+02, 1.64269897e+02,
       3.12036011e+02, 2.34208939e+02, 3.15964142e+02, 3.03812225e+02,
       3.19846375e+02, 3.73005951e+02, 3.23509705e+02, 4.41757782e+02,
       3.28479248e+02, 5.11356354e+02, 3.33595825e+02, 5.80620056e+02,
       3.37592438e+02, 3.15808228e+02, 2.08999039e+02, 3.45868896e+02,
       1.93041641e+02, 3.75820160e+02, 1.76657471e+02, 4.06414673e+02,
       1.60192108e+02, 4.36970673e+02, 1.43417130e+02, 4.67833221e+02,
       1.26465134e+02, 4.99181641e+02, 1.08946228e+02, 5.30788086e+02,
       9.12035217e+01, 3.29386322e+02, 2.35661209e+02, 3.59866547e+02,
       2.19068344e+02, 3.90887451e+02, 2.02741287e+02, 4.22059814e+02,
       1.85679550e+02, 4.53590027e+02, 1.69085846e+02, 4.85290131e+02,
       1.51943741e+02, 5.17531616e+02, 1.34437790e+02, 5.49987488e+02,
       1.16674583e+02, 3.43396179e+02, 2.63383209e+02, 3.74620514e+02,
       2.46555344e+02, 4.06326447e+02, 2.29732040e+02, 4.38457275e+02,
       2.13066772e+02, 4.70776672e+02, 1.95875137e+02, 5.03344391e+02,
       1.78562408e+02, 5.36557373e+02, 1.60697952e+02, 5.70013611e+02,
       1.42690735e+02, 3.57908478e+02, 2.92377930e+02, 3.89964142e+02,
       2.75384399e+02, 4.22637238e+02, 2.58764954e+02, 4.55464264e+02,
       2.41251678e+02, 4.88599518e+02, 2.23944656e+02, 5.22281677e+02,
       2.06247589e+02, 5.56410522e+02, 1.88237228e+02, 5.90720520e+02,
       1.70174088e+02, 3.73175629e+02, 3.22517609e+02, 4.06316193e+02,
       3.05595703e+02, 4.39398346e+02, 2.88559723e+02, 4.73301178e+02,
       2.71162323e+02, 5.07312592e+02, 2.53477936e+02, 5.41700073e+02,
       2.35408676e+02, 5.76821838e+02, 2.17578247e+02, 6.12020203e+02,
       1.99333267e+02, 3.89590210e+02, 3.54337738e+02, 4.22981201e+02,
       3.37069366e+02, 4.57290802e+02, 3.19845703e+02, 4.91734680e+02,
       3.02107544e+02, 5.26829102e+02, 2.84409851e+02, 5.62245178e+02,
       2.66501007e+02, 5.98277161e+02, 2.48258514e+02, 6.34094849e+02,
       2.29803284e+02, 3.45052155e+02, 8.08499298e+01, 3.81250580e+02,
       8.96775970e+01, 4.17462189e+02, 9.82505264e+01, 4.54014313e+02,
       1.07015488e+02, 4.90590698e+02, 1.15572311e+02, 5.27543884e+02,
       1.24337456e+02, 5.64825806e+02, 1.32895279e+02, 6.02087402e+02,
       1.41613312e+02, 3.36499420e+02, 1.14759644e+02, 3.73026398e+02,
       1.23386795e+02, 4.09784637e+02, 1.32429214e+02, 4.46898438e+02,
       1.41141312e+02, 4.83885468e+02, 1.50175430e+02, 5.21296326e+02,
       1.59024872e+02, 5.59099060e+02, 1.68088303e+02, 5.96841736e+02,
       1.77057419e+02, 3.27706665e+02, 1.49314041e+02, 3.64789551e+02,
       1.58132095e+02, 4.01958221e+02, 1.67226181e+02, 4.39520599e+02,
       1.76541336e+02, 4.76977631e+02, 1.85523758e+02, 5.14880676e+02,
       1.94709396e+02, 5.53311340e+02, 2.03867966e+02, 5.91934631e+02,
       2.13048645e+02, 3.18590729e+02, 1.84746506e+02, 3.56088715e+02,
       1.94069504e+02, 3.93846619e+02, 2.03584625e+02, 4.31962799e+02,
       2.12605698e+02, 4.70278351e+02, 2.22012070e+02, 5.08680908e+02,
       2.31316223e+02, 5.47722046e+02, 2.40820816e+02, 5.86662170e+02,
       2.50423584e+02, 3.09292694e+02, 2.21432098e+02, 3.47444000e+02,
       2.30891068e+02, 3.85584412e+02, 2.40406906e+02, 4.24285767e+02,
       2.50150055e+02, 4.62920959e+02, 2.59461792e+02, 5.02250427e+02,
       2.69000885e+02, 5.41453613e+02, 2.79009125e+02, 5.80873596e+02,
       2.89078613e+02, 2.99658997e+02, 2.59085083e+02, 3.38404266e+02,
       2.68738983e+02, 3.77268677e+02, 2.78485229e+02, 4.16524536e+02,
       2.88351929e+02, 4.55917755e+02, 2.98291321e+02, 4.95264709e+02,
       3.08325592e+02, 5.35332214e+02, 3.18640900e+02, 5.75507324e+02,
       3.28698669e+02, 2.99983276e+02, 1.81151215e+02, 3.22915894e+02,
       1.75140305e+02, 3.48472839e+02, 1.68244812e+02, 3.75543427e+02,
       1.61052109e+02, 4.04863464e+02, 1.53166245e+02, 4.37782837e+02,
       1.43842346e+02, 4.73675446e+02, 1.33913696e+02, 5.13606750e+02,
       1.22527512e+02, 2.84787689e+02, 2.11851929e+02, 3.08016541e+02,
       2.06964371e+02, 3.32925140e+02, 2.01122299e+02, 3.60323975e+02,
